Total nodes visited,Total quiescence nodes,Alpha-beta cutoffs,Alpha-beta improvement,Nodes per second
4318,329,361,8,2190.67
2290,601,282,12,1161.72
1918,788,291,15,980.91
2051,1594,443,21,1046.29
2148,891,348,16,1088.98
2033,1058,438,21,1031.39
2237,1534,374,16,1135.26
2145,1411,343,15,1088.18
1910,1469,340,17,969.03
1923,1564,390,20,981.53
1751,1188,298,17,888.09
2242,2219,482,21,1137.23
1754,1726,364,20,890.05
2026,2023,359,17,1026.29
1961,1956,421,21,993.81
2966,2959,633,21,1504.77
2188,2160,321,14,1110.62
4683,770,561,11,2376.09,1.9708857536315918
4245,1331,591,13,2154.44,1.9703526496887207
3686,1582,608,16,1870.93,1.9701416492462158
4141,3852,993,23,2101.4,1.9705886840820312
3778,2071,856,22,1916.92,1.9708659648895264
4076,1996,559,13,2068.63,1.970386028289795
4403,3716,856,19,2234.26,1.9706790447235107
4443,3989,872,19,2253.77,1.9713633060455322
4458,3791,809,18,2261.01,1.9716813564300537
4365,3796,943,21,2215.42,1.970282793045044
4371,3822,925,21,2218.6,1.9701602458953857
4515,3902,852,18,2291.02,1.9707415103912354
4500,3624,1032,22,2283.2,1.9709153175354004
4474,3329,936,20,2269.55,1.9713170528411865
4777,3923,1013,21,2424.38,1.9704012870788574
4681,3754,999,21,2391.0,1.9577550888061523
4920,4128,1008,20,2496.5,1.9707586765289307
4958,4262,1078,21,2526.56,1.962355613708496
4959,4005,1106,22,2517.13,1.970097303390503
5012,3953,1053,21,2542.84,1.9710218906402588
